18122317882
18122317820
15218899123
13802762625
13802762625
13802762625
13570375286
13570375286
13570375286
13570975286
13650813022
13650813022
13650813022
13527750480
13650834366
13609742377
17701917266
17701917266
17701917266
17701917266
17701917266
15999964833
13434340029
13620406198
18565258385
13711514513
18520128703
13189096258
13929565901
13632101816
13430241670
13048003602
13724887250
18688869861
13610161743
18520925203
13640239868
13642734446
13543487449
13560474802
13926193929
13622855065
13926190198
13602216014
13926114113
13902208550
13926168608
13729817602
13725207771
15917361998
13926133110
15975517722
18922139731
18922139575
13600070440
18926220692
18922184276
18922139901
15914396585
13318810327
13710316850
13580892680
18922238962
13535390937
13928861622
13602298013
13928833812
18926220698
18922238963
13660708068
13725342290
13602269263
13711323308
13533126050
13922334482
13711007070
13725154674
15217199281
15011784677
13922301987
13392125720
15920997957
13570946511
13922792879
15013108325
13640243000
13535117182
13503078699
13711228166
13570345995
13580418768
13424491710
13824417728
13556099158
13710877366
18664891691
13189097363
13826437702
13728036696
18665735377
13826071380
18928900414
18928900430
18928900403
13660008312
15975448098
13527730870
13711693020
13422109970
13928726832
13570444341
13925083833
13711373256
13527748296
15920549932
13926203353
13902397776
15273122785
13609603376
13602239495
13710022226
13926265768
13926275183
13926282925
13926289199
13632230810
13672416408
13926236317
13926218790
13710759072
13710759072
13427568319
15915878782
13434118294
15302231569
15302231569
18100209889
13539890378
18100209868
13694283280
13694283280
18100209750
17701917266
15813387989
15813387989
15813387989
15813387989
13539768525
13539768525
13539768525
13539768525
13726820019
15918689951
13719030279
13560096966
18022394387
13570231778
15915701604
13798199987
13719437425
13392691972
13392691952
18027375573
18688412145
13556044847
18926128181
18026333191
18028663239
18602003132
13632389954
17701916189
18028089729
18188805351
18028089650
18922151723
13710511648
13631477029
13802768748
13678905586
18102260677
18676623384
18680474678
13751743431
18988837033
18588882677
13332807376
13640773090
13640773090
13640773090
13640773090
13640773090
13640773090
13640773090
13728089446
13826480982
13610320433
13710220076
15920393536
15915843764
13660380369
13660380369
13678903965
13678903965
13678903965
13678903965
15918787609
15817057313
13480259049
13660030043
13825066339
13660370886
13825087999
18620002628
13431059998
13544598521
13922381832
13622809587
13662467157
15813374457
13652389880
15012700772
13714645653
13480844680
13602508450
13798245969
15999694627
13543271775
13760222321
13632789881
13686877926
13590378049
13428726998
13480882945
13724299326
13689528708
13713889372
13422898585
13924640316
13713621028
18938093819
13751130706
13590104061
18938093805
18938093621
15989515150
15986752236
13828889587
13410982064
13715307060
13632818100
13480862727
13480862727
13480862727
13480862727
13480862727
13480862727
13480862727
13480862727
13480862727
13480862727
13480862727
13510773826
13480862727
13480862727
13480862727
13480862727
13480862727
13480862727
13480862727
13480862727
13480862727
13480862727
13480862727
13480862727
13480862727
13510203935
13823209799
15013651992
13534046878
18718694770
13480776251
15814402406
13794478928
13530701800
13632725628
13923771730
13808803094
13691971761
13622363402
13682438602
13603030948
13500058021
13556838965
13612971075
18002576260
13148727566
18002575285
13510451898
18002575231
13725539963
13828864605
13828894725
13500053916
13603056103
13510010689
13603044712
13828899014
13691662213
13620916016
13728613881
13427925346
13652335350
13798243865
13510841825
13510841825
13902312467
13510331780
15889620765
13560719712
13510331596
13828725654
13902982268
13828701169
13828700985
13925238921
13925238921
13510331770
13510331812
13923755636
13923460226
13510331569
13823729288
13510331630
13609612128
13828702136
13510838640
13509687571
13902966666
13688806936
13688806803
13823103115
13760240127
18318871133
13316886860
13713612012
13686820933
13670196699
13509674878
13823222923
13590389291
13713935392
13005425666
13823387573
13728668795
13724372530
15815503223
13590238686
13430578816
13691963290
13502841288
13640999060
13631660095
13538021022
13826501033
13510208744
18875900823
13798439529
13714310463
13632943556
13501576118
15986684599
13510450534
13502895151
13632556205
13923467999
13923712227
13410413152
13410413152
13612956518
13418948858
13530436545
13590361476
13500063820
13688800658
13823315461
13688802608
13750085953
13631267280
13727009525
13427718393
13923367625
13612233398
13544949988
13923360322
13709686143
13709693500
13926926368
13926932202
13570666808
13802672225
13411353086
13809233282
13926938664
13926930006
13926930006
13425013721
13302871595
13392522600
13539589197
13924715003
13926930006
13926930006
18575622851
13926946929
18575622851
13823068608
13926908552
13923383813
13527290239
13823060289
13928016738
13928016738
13923665879
13592804015
13829616169
13556330312
13642213831
13592870805
13531206385
13929632686
13612385932
15017824741
13829524353
18823927289
18923662333
13825871316
13929662651
13502782958
13592872076
18125160959
13318081073
13178786923
13809654066
13829601403
13929688679
13502980031
13682970910
13825886766
13902741411
13929686152
13809653082
13502767992
13509886748
13690203093
18928612029
13802624880
13016601221
18038861378
18038860623
18038863797
18038863524
18038860068
18038860266
18038862919
18038861318
13590658158
18942459081
18029231610
13827728593
13929907683
18029231606
18138311368
18138312626
18138310968
13702915805
13702915805
13705915805
18675769595
13392216983
13392200861
18022253086
13728544326
13726652266
13690212933
15916013332
13590501596
13928529363
18927294033
18928525582
18927297770
13702850301
13923211335
13679731511
13302898144
15818021027
13534366314
13724988792
13690341315
13590533991
13923186468
13927789990
13360312151
18475712256
15875734390
18923181233
13727387662
13760941887
15918018065
13516503747
13516503747
13516503747
13516503747
13516503747
13516503747
13516503747
13516503747
13516503747
13516503747
13516503747
13516503747
13516503747
13516503747
13516503747
13516503747
13516503747
13516503747
13516503747
15015857646
18029271257
15220981923
18925993938
13620119454
13709665580
13929186237
13702543738
13630100329
18718712747
13709606689
18928580661
13535898633
18923102633
18928578464
18900866018
18029368255
18928558103
13016603666
18925965725
13929157995
13715519828
13674077733
13715459889
13825552322
13929188199
13928222522
13531349602
13695245607
13674093375
13690129190
13825572033
13702482666
13509969242
13531383727
13929119752
13724657838
15899838695
13726339601
13612610909
13612610909
15989993536
18818723438
13432605592
13450596785
15920727506
18924826356
13929177238
13719735374
13719735374
13719735374
13719735374
13719735374
13415660862
13690996576
13825316133
13902636890
13690993289
13690993068
13829350629
13553256736
13360995268
15019391900
15007600471
13829316990
13536762627
13539106698
13539146818
13553278962
17817913998
13653092263
13750272233
18024898668
18807623812
13750221249
18312070066
13829375777
13923689769
13827808197
13827817731
13690894957
13690872383
13539169262
13543238178
15914909658
13502529485
13502541088
13823838839
13823838839
13823838839
13823838839
13823898291
13823823886
13823827280
13502520417
13549141358
13549174917
13509092010
13823863259
13902780307
13549111308
13411288208
13823856993
13723610355
15819005917
13502530800
15812906865
13549104487
13549139327
13502372310
13643099888
13826639056
13923016353
13539178539
13502547823
13549105915
13549127727
13502569246
13826603672
13549128191
13924485696
13727632629
13430193898
13430122482
13719980861
13826621780
15812956818
13723672913
15119381150
13719997711
13690859012
13802365616
15917931221
13923006663
13727632025
18998109030
13692771738
13802879603
13532115733
13502435023
13531633033
13928316282
13829973913
13928330808
15119041438
13829927603
13433491599
18928388432
13502575081
13680829980
13809660506
13928329662
13928312182
13928312102
13502281891
13928312102
13536312659
13902625187
13928326631
13923625761
13652788918
13927306611
13680759877
13528062448
13923624406
13719625712
13923647377
13725025600
18928326965
13928336120
15986975354
15913895811
13414695621
13824291772
13480505814
15118938839
13480508290
13437783108
13928350773
13680708005
13556213391
13531610607
13692863339
13536269313
13631928000
13422408622
13542723190
13542789118
13631908595
18200763718
13924698900
13502398908
13421526912
13828910810
13431289710
13650302998
13421985269
13686122851
13652499397
15989667840
13622665355
15989669847
13559788929
18928273624
18928298519
13556691834
18938203830
13528570199
13612777085
13642382138
13826972239
15015155133
15899671024
15812834265
13612768789
13802383542
13713387603
13592776660
13609687089
13712044232
13825776536
13751296336
18820608052
13424872222
13509210368
13532305500
13556771848
13790477498
13538691918
13509218155
13711889297
13922531585
13532426788
13416843163
13532717552
15814217338
13650128933
13712168533
13537011182
13546980369
13437388200
13790659706
13556737516
13763138977
13662990609
13712746530
15015319159
13549278327
13686283382
13925711412
13713183130
13559774300
13713323188
13527959733
13713437567
13650260313
13712609117
13556631662
13929267686
13711961338
13711961338
13711961338
13711961338
13711961338
13713181122
13711961338
13751451238
13922501985
13423203113
13600262920
13650069705
13686050301
13826980828
13686198002
13509842155
13729979968
13713021556
13612686817
13537173000
15019060833
13829226191
15017067383
13544847508
13612718162
15818380803
13539030097
13428582678
13662897746
15015335118
13925790818
13712181069
13580813682
13925553584
13612799427
13580852903
13600271006
13903037833
13827220056
15916739723
15818375343
13712183022
13725837354
13532920330
13650088798
13829218398
13423001166
13711896199
13316619688
18926822368
13509012563
13728192818
13662990095
13538670319
13790293763
13712661579
15017138642
13724583288
13539016627
13650326326
13723573745
13622612163
13713244933
13538462808
13450618915
13602361451
13532669901
13650314010
13612748367
13711891503
13925873601
13717380397
13428442202
13728220928
13724580114
13724413834
13724413834
13724413834
18938286696
18988561360
13640403628
13590772091
13527148032
13822700686
13823939263
13928198133
13556942925
13702509422
13924503121
15362981055
18948892108
13415313937
13809683609
13631177053
13531858976
13560687527
13590738596
15819954516
13531773122
13232388585
15016171198
13380876484
13715582482
13425508575
15362131283
13590707141
13715557899
13250099366
18988587785
13902596691
18988586608
13823935656
13427011328
18028308389
18028308389
18028308389
18028308389
18028308389
18028308389
13902596545
13703037638
13560658891
13924938219
13823935595
13702512990
13590723236
13528234307
13822320780
13392512688
18929021601
13432296496
13528395034
13672873638
13672895735
13612273153
13923062802
18022929323
18022929391
13822445888
13686982828
18922022384
13924683228
13702276788
13556941625
15819933903
13437324104
13680499049
13536007772
13725989111
18575056823
13427398682
13426839932
13377508757
18823063361
13427235600
13680481538
13676166992
13422502949
13422531006
15975022852
13672841088
13822445888
13686982828
07505559722
07505559722
13672981909
13530465523
18029618361
13672818399
13556966966
13652713369
13702209808
18029618355
13827003860
13431770727
13827033733
18922038992
15014348503
13422575780
13672939007
13702597180
13544992310
13500231523
13922013520
13432559260
15119481596
13432574448
13680672408
13232046425
13702802001
13827632266
13680536833
13542661866
18998638485
13421293173
13680546828
13680580870
13719856123
15819175108
13318563188
13827603308
18128989156
18926355050
18148882963
13719895169
13623070977
15975687000
13600388095
13724724768
13600388791
13828252166
13828283206
13670986081
13828287869
18900839010
18900839059
18022615996
15119557266
13692456412
18922074213
13428105806
13692313320
13670998258
13670998258
13670998258
13670998258
13670998258
13670998258
13670998258
13670998258
13670998258
13670998258
13670998258
13670998258
13729116356
13620444191
13827108889
13590062018
13827108889
13542031916
13542031916
13692439718
13824824921
13531058650
13828225958
13620431880
13724725202
13692407018
13590089006
13536431896
13553463502
18300182101
13536425209
13580066202
13450128601
18122569056
13580055182
13580065006
13727769388
13709623323
13686794498
13535932281
13709623323
15818914824
13929732636
13709623323
13929730225
13929730225
13929730225
13929730225
13929730225
13929730225
13929730225
13929730225
13929730225
13929730225
13929730225
13929730225
13929730225
13929730225
13929730225
13929730225
13929730225
13929730225
13929730225
13580000728
13927599936
13828612280
18666818005
18666843788
15016669661
13828698902
13926702731
18938380728
18938380697
18938380391
18938380755
13822665025
13556579370
13660985778
18026130982
13620363971
13602974585
13929881648
13509988668
13602982225
18929899038
13672301159
13556582938
13672315507
13536979497
13929852285
13672323108
13922622809
13560906822
13929805512
13827501195
13929801083
13827502100
13929804598
18998615163
13927610169
13902357039
18998615508
13750145309
13828596260
13927615941
13539508778
13610533118
13902357399
18998616312
13828592077
18023332133
13926685035
13972621920
13727107197
13620513355
13509262527
13413479556
13924425820
13927636662
13542481434
13926660766
13828584917
13501451593
15917501698
18318648926
13425214190
13679514453
13413490778
13827365601
13600120468
13727984520
13534633450
13715798381
13828309688
13828321268
13729306817
13539297393
18206692012
13927028282
13417663256
13927020408
13924445098
13592930779
15917987983
13640387292
13543998036
13925688698
13751651133
18128338235
13927058966
13501444008
13729390777
13925695620
13413928339
13927076555
13822906322
13531967969
13502675268
15917225299
13923531735
13822918507
13580208879
13927009718
13592921795
13531995945
13695122319
13695122319
15813552382
15313552386
15813552386
15813552386
13927011056
13925652138
15917198889
13925608568
13922676968
15992502689
13695140067
15915611666
13539257863
13642291570
13500151321
13822977229
15915626532
13670556110
13822991991
13828127173
15018210530
13729463801
15915604498
13923989787
13927132886
13826703939
13580658555
13421787448
13826753195
13826802096
13927121314
13927125655
13580686746
13729797602
13927181968
13927189331
13409519656
13995318192
13629518717
13928829189
13826494821