15909515220
13995312680
13995405226
15973308031
18122317877
18122317817
13512789716
15918794828
13710357426
13570388192
18675860601
17701917266
17701917266
17701917266
17701917266
17701917266
17701917266
13719406894
13711647802
13527718825
18218221186
13543424421
13922257399
13826101977
13825012022
13113344868
13352854030
13144445663
13926419393
13926192720
13926196143
13332897116
13928856538
13794342346
18588889780
13719019053
13189096579
13711553877
13076878690
13005187228
13662526287
13189097211
15626279439
13926197981
13926198301
15975630963
13926119006
13926171893
13926133446
13580502597
13926080883
13926112348
13602212674
13711390328
13926122776
13539453980
13539453980
13620407180
13926196860
13926190111
13926122171
13660095175
13725165877
18922139507
15820271342
15918786516
13827730662
18922139558
13751855088
13416338166
13570358542
13826187486
13725252934
13427592547
13392123625
13533488484
13725280332
13642339560
18122012237
18620120211
13560223401
13660522671
13710704230
18126838677
13724046608
13660525005
13719363889
13929598960
13609715049
15018461192
13380091500
13650844088
13189097722
13710050616
18933962580
13672453514
13710333055
13668947955
13660150077
13922197635
15322234236
13427522923
15915951029
13710874139
13527733336
13711387232
13609600327
13926259878
13926273165
13926273165
13711088054
13710703585
15302231569
13728075680
13926272203
13533527028
13610222885
13794446192
13794446192
13794446192
13794446192
13570487964
18922102625
18922102721
13539768525
13539768525
13828468032
15920871012
13826293178
13829709726
18928903660
13480229453
13660251266
15975608614
13533050102
13527867926
13725222909
15002000741
13688863333
13539807248
13640260230
18902268392
18902268369
13825012681
18902268648
13602819817
13719449691
13719193883
13640773090
13640773090
13640773090
13640773090
13640773090
13640773090
13640773090
15989045181
15989045181
15989045181
13533370691
13710680174
13480220943
13711187583
18903074715
15626130298
13538781123
13640222008
13676260840
18920103202
13610306337
18928868191
18928868264
18928868274
18928868295
18928868291
18928868194
18928868224
18928868261
18928868137
18928868243
18928868392
13622833118
13682242826
13719363233
13682234717
13610325015
13610214668
15013307981
13724808688
13660460288
13902336006
13609027008
15112681380
13699768043
13714235043
13691841777
13692252991
13537634137
13826555460
13798447151
15818701049
15915435003
15919913910
18938093818
18938093810
13600161512
13509644699
18948794372
13699821808
13872790203
13590158667
13510203935
13714243240
13640908970
13501586882
15013534700
15920016424
13714310496
13510203935
13510203935
13510203935
13510203935
13510203935
13510203935
13510203935
13510203935
13510203935
13510203935
13510203935
13510203935
13510203935
13510203935
13510203935
13510203935
13510203935
13510203935
13510203935
13510203935
13510203935
13510203935
18823836401
15989874828
13926563540
13570802838
13632705794
15920049868
13530165058
13798346804
13823763213
15817266450
13410724175
13715369312
13798297704
15013508378
13823510780
13714111779
13530207510
15889685983
13410050891
13620995722
13590241113
13613023032
13823352001
13924664460
13425189956
13425193444
13249864713
13682447188
13828718108
15986839181
13670114793
13662696702
13725559598
13243741175
13632664929
18002575274
18002575257
18002575223
18002575275
18165726857
18188607162
18002575276
18002575267
18002575201
18002575220
13823314359
13714669985
18938840189
18098950086
18126081166
18126080188
18126081122
13632708109
18126081168
18126081168
18126081168
18126081168
13713887514
18126080077
18902317602
18126081698
13626566181
18902317580
18126080286
18122069479
18126080485
18126081155
18126081593
13554900142
13631622398
15013839801
13823502109
13823500109
13823503521
13825248916
13823503323
13823511057
13823500895
18898761182
13509677552
13923419317
15920011297
15013806638
13600168340
13828867505
13688806433
13509692373
13632981666
13510331605
13510331895
13560719721
13500061519
13510331784
13510331850
13500053060
13500056418
13510868631
13823759618
13510331806
13510331377
13823558632
13823794435
13510331856
13510331617
13923455809
13688810423
13560719721
13688808893
13501550575
13501585799
13688808718
18938691383
18938691215
18938691328
18938690008
18938690166
18938690927
18938690011
18938690688
13602623117
15012689753
15012689753
13713930108
18406660532
13713954939
13699889826
15818761067
13554874292
13798457050
13713929199
13715112283
13641490799
15914161997
13554950979
13715036930
13670150233
13424346914
13510943635
13480797450
13410825042
13537775069
13632571613
13613085940
13798236411
13691772070
13662561569
13530715896
13823676232
13424265417
13713786913
13922804678
13824397575
13682651998
13640919899
13502895151
13612947045
13760436942
13530392431
13715320104
13612901906
13728620556
13510922690
13715320658
13751171624
13632745253
15013563739
15818698133
13428785951
13802229677
13923772197
13510834595
13823261298
13500053611
13609622923
13603001288
13500052881
13500050725
13500053712
13500052903
15012680158
13500053568
13600169582
15012680180
15986662852
13500053781
13727085792
18675625880
15220533720
13512705823
13702339491
13286012828
18925958597
13697732892
13902862633
13727883828
13697706621
13425071546
13703001909
13926936163
13417773344
13680391093
13702947487
13926932356
13727000001
13926930006
13926930006
13926930006
18575622851
18575622851
18023083667
13726274120
13539561819
13138145551
13825669720
13286038186
13697762905
15989762772
13697751922
13709683415
13928051025
13829554338
13433345008
13536851229
13670513234
18665506858
13929675989
13676131314
15815111551
13556399781
13612397580
13923674238
13809290387
13670313306
13670457528
13502737553
13809657096
13502766557
13536936155
15816609883
13592894098
13670434650
13825856841
13715957370
13531236828
13415130346
15018379094
13556349864
13827752792
13902806380
13500253226
13621416321
18038863003
18038862866
18038860300
18038863715
18038863133
18038863866
18038861061
18038863939
18988685598
13929997665
18138310666
18138311522
18138311262
18038861091
13925960608
18680032993
18680032993
13549985068
13536622688
13435400562
13702852190
13726672429
13450558733
13702957880
15918012039
13542551010
13420843042
13725824919
13927760292
18927760292
13690341615
13927753479
13927785236
13923110607
13590544804
13516503747
13702986158
13516503747
13516503747
13516503747
13516503747
13516503747
13516503747
13516503747
13516503747
13516503747
13516503747
13516503747
13516503747
13516503747
13516503747
13516503747
13516503747
13516503747
13516503747
13902812116
15976617236
13703085441
13702991201
18188733120
13425620879
13702984655
15919020259
18028133678
18028133083
18028133363
18988677781
18928687125
18927799879
18928687378
18928687383
18928687136
13316624017
18927799921
18928687318
18927799803
18928687001
18928687147
15302859629
18025972363
18927289083
18928562551
15302958622
13929113691
13902565474
13534366540
18042830723
18988501813
13695292663
13433265221
13924555525
13929166336
13923297746
13825578260
18923209540
13825570723
13928231382
18929972968
13432606711
18138359615
13724689020
13802680210
18924833161
13928292210
13929113219
13420632033
13531356733
13715548829
13928222866
13702259306
13531390531
18666511881
13929136263
13674093464
13802688837
13923236133
13229291450
13825588999
13536601505
13620320873
13702838196
13825562487
18666590439
13620310966
13703026652
13600321215
13929131618
13413266988
13923268322
13923230030
13928239094
13536636368
13927764337
13751538560
13923132259
13531437332
13432688943
13715496006
13929191932
13925974887
13679779308
13760993262
13927873685
13927873685
13927873685
13927873685
13827981463
13192424911
13229389592
18927870068
13553636565
13719756848
13827967389
13827966209
13570752300
13570752220
13076239648
13827968811
13826371860
13826338871
13509861567
13415698048
13826316025
13531498098
13435050148
13602248383
13826376008
13826370280
13539115827
13829316328
15986038088
13794715768
13553257668
13435523266
13750206376
13536779563
13829320245
13825398198
13690981931
13690967730
13690953706
13553223166
13829326565
15220499188
13539112321
13750219847
15986033893
15819273323
13553231122
13825331861
13690969363
13750209793
13829369182
13553238113
13553256101
18027903561
18027903561
15218028156
13502323121
18316928222
13829381819
13827816173
13690991369
13825380705
13553203285
13827835136
18122523681
13553203686
18312070130
13360993567
13827829283
13825371162
13825350100
13825383027
13435517685
13750217378
13536789746
13825381698
13825382162
13825382091
13690993379
13827892535
13690933155
13923686925
15914909658
13719989375
13825988932
13825988932
13825988932
13825988932
13826688807
13823899409
13723688851
15917933837
13549111788
13509090581
13751958782
13823801705
15218095187
13539192650
15916540088
13502523788
13411203495
13509094423
13723679369
13823881134
15113499009
13560998518
13500125173
13430196436
13430174153
13421029566
13825943618
13502530489
13751955736
13750526038
13421021822
13502549519
13560973693
13719977886
13723639016
13826632302
13549171193
13924486226
13719970991
13690885439
15089468298
13430105587
13502354090
13727629860
13690875832
13421013839
13543209029
13826657018
15914911988
13826672338
15089483263
13430183626
13536708515
15016277188
13421670727
18928343778
13428037229
13680880390
13536287980
13631931916
15919397577
13413179195
13928323731
13536312656
15919399766
15363880668
13809663452
13692838999
13631984183
13531666561
13794518438
13725001808
13928342343
13719691009
15119085325
15119085325
15119085325
15119085325
15119085325
15119085325
15119085325
15119085325
13437752102
18948586393
13824265533
13631998364
13927389669
15913881626
13928301668
13692818623
18927902116
13600201088
13729589688
13729577918
13713276890
13549234688
13728178698
13537067698
18925791299
18928277061
15913733907
13728296110
13751212758
13556655055
15999723053
13729988703
13556679987
13528502868
13580938022
13829272566
13602398653
13829226903
13546989795
13717172352
13652611888
13543790009
13650262206
13712352589
13790515670
13416959046
13686022771
13650079966
13829132331
13712069008
13612788380
18128537296
13612788380
13612788380
13612788380
13612788380
13612788380
13612788380
13688987849
13544821533
13556715381
13414297798
13622607312
13688973326
13751215113
13412677118
13712609117
13650444505
13925727345
13532356298
13537249985
15916985070
13509819798
13532796331
13826908622
13825718283
13902605191
13612777750
13544891342
13532310170
13532512211
13728486784
13612786526
13546958034
13686181515
13650185151
13412023141
13925745856
13622651883
13725803599
13556712567
13549444489
13620014678
13728238777
13580743131
13528544998
13713014752
13790490678
13437498898
13829155205
15899636130
13662967712
13763139094
15015293588
13538420208
13925743783
13922539783
13527990811
13652507714
13532069938
13928159076
13392938189
18988560959
18676266080
13590706511
15876007158
13590921818
13715677818
15323957269
13590724870
13680126886
18988585405
15016179933
13631149905
15019512508
18689376929
18807603472
13822761876
18666160088
18666160088
18028303372
13590923890
18028308389
18028308389
18028308389
18028308389
13702370899
13702531382
13928175578
13702469108
13590735989
13420428835
13432191233
13928177716
15018023505
13715640449
13923301122
13823935656
13590700446
13528145352
13703047311
13415323282
13590737961
13929098989
13929022992
13392076892
13528379632
18033116306
13672996168
13528358118
15815784818
13794227657
13828036389
13500282198
13929038786
13924686562
13702278702
13680414302
13534769695
13322887633
13534761655
15307501028
13424978517
15975022852
07505559722
07505559722
13632066098
13923059927
18029618363
18029618326
18929008386
13326812709
13630418846
13360223911
13431712362
13726175919
13726175919
13827002954
15975680613
15986262566
18926320186
15916432123
15819156681
13542614737
13542606162
13450501013
15875173696
13829856940
13829887087
13829833172
18023889889
15917093980
18219099606
13709670002
15099820429
13542696318
13421296982
13680622269
13542608666
18022617021
18022617021
18022617021
18022617021
18022617021
18022617021
18022617021
18022617021
13724718432
13542081703
13671496834
13318049456
15816108033
13421701209
13902570486
18320336868
18320336868
18320336868
13590067008
13542004445
15016405311
13590077009
13590077009
13790969184
13531060159
13692416953
13692437230
13828285428
18211519291
13434662885
13729063898
13729063698
13729063689
13729063883
13729063777
13729063682
13828263329
13692396084
13600382056
13580068731
13432396900
13828644088
13535927398
18122569053
13535910888
18926722728
18938390123
13432356024
18806678316
13543354526
13927588272
13927588272
13927588272
13927588272
13927588272
13927588272
13927588272
13927588272
13927588272
13927588272
13927588272
13927588272
13927588272
13927588272
13927588272
13927588272
13927588272
13927588272
13927588272
15915282869
13727702353
13727702353
13727702353
13727702353
13727702353
18926728628
18926728281
18926718678
18926728736
18666818032
18666818169
17722298896
17722298568
17722298682
17722298895
13692555634
13809766969
15089626367
13922057768
13542347900
13727775140
13828697331
13509925088
13727834881
13828696667
13922032983
18938380168
18938380722
18022828559
18938381166
18128398686
18128398673
18128398878
18128398633
13622906228
15768728307
18125019987
13929765986
13822661611
13929816323
13822663068
13822610931
13822622072
18902368870
18922628616
18718838805
13827571158
13822601692
18029833622
15975254680
13760006878
18929838928
13822659388
13822659360
13672334335
13922644977
13556505686
13827562178
13527009811
13828573508
13416550252
13927615797
13926606103
18998616396
13828596060
18998616236
18998616356
13828590902
13416583818
13610555723
18998616830
15917512898
13727138899
13727189906
13927665881
13924420012
13802890755
13425269915
13610562202
13828508429
13610514135
13431958108
13416514997
13610564598
13431957945
13679514453
13421093098
13828328189
18933490049
13727921291
15913031936
18938810768
18925606298
13729367181
13729340518
18128338269
13322767708
13695115688
13927078299
13413949958
13729398882
13531977779
18718461906
13600110699
13600116876
13729420232
13760593000
13539292892
13925696678
15113777776
18318355412
18318355412
18318355412
18318355412
18318355412
18318355412
13822969908
13729488718
13828190296
13682846268
13531995184
13822961718
13828189493
13682782228
13622730121
13828161889
13434989789
13922685852
18902760199
13417619954
15819678549
13682783444
13672627213
18033377527
13826703939
13602966782
13537927911
13824683332
13826850456
13602966712
13826809400
13927128171
13826768698
13826768698
13922661167
13927126168
13927196887
13537918399
18023381192
15811752523
13727079715