13910876829
13681293345
13995107075
18809519998
13409509925
18122317903
15218899123
18122317986
13802762625
13802762625
13802762625
13802762625
13802762625
13802762625
13802762625
13802762625
13802762625
13802762625
13544575264
13544575264
13544575264
13544575264
13544575264
13660029652
13527639585
13710225239
13640224563
13432037722
13926181835
13926123325
13724160796
15013314882
15812437233
13922121813
13544565223
13926187122
13711762903
13533065723
13926198908
13926198908
13726835325
13660732353
13922187687
13922187687
13922187687
13922187687
13922187687
13682235390
13926150338
13728007615
13928829189
18922139586
13660766755
15102046483
15986338559
13928788517
18922139151
13763312546
13501506678
18928703888
13928806965
13570708291
13602998798
13422209430
13725387711
13602298649
13539987045
13533712367
13570706618
13610301355
18922238913
13922314009
13710558238
13622868416
13527672223
13501472929
13533077511
13632481855
13710760303
13602480245
13392696003
13922303039
13922303036
18922238922
13560465000
13711134643
13710859945
13570391204
13794398003
13826003040
13642689527
13925187909
13535106502
13538777236
13416319978
13580576577
15813361699
13926281023
13926213954
13609600327
13926240112
13609600327
13609600327
13609600327
13609600327
13609600327
13926286881
15920521388
13926294966
13928873122
13922356968
15013235465
13926281611
13926239078
13527865002
13926295579
13622837246
18898537191
13710759072
13710759072
13539855838
13434298298
15989229911
13622219332
13535382666
13602239830
15815855306
13580385379
13509292665
13926209880
13509290221
13632232072
13632232064
13926210002
13922430730
13760892671
13926273165
13539768525
13539768525
13539768525
13539768525
13539768525
15989284058
13672499115
13631413695
18825198481
13392646336
18928903896
13392691996
18928903831
13392617082
13392692126
18928903836
13392692029
18928903822
18903078506
18028089737
18028089753
18028089739
18820018288
18028089679
18922715612
13560165945
13570923396
18922217029
13660863159
13794425387
13925078163
13543414160
13710377313
13610258836
13535033581
13611470882
13535165524
15919329759
13710375380
13632476783
13609726665
13719228628
13724103088
13711159954
13719348099
15802010023
13922741747
13922123082
13622816676
13688876337
13609031552
13660159670
13533044084
13672499299
13710585390
13922466854
13622236021
13711263405
13826155732
13710545582
13724185916
13610321433
15913141949
13602806476
13763323252
15802010023
13640773090
13640773090
13640773090
13640773090
13640773090
13640773090
15989045181
13556018300
13688896982
13922729024
13602460416
13609779809
13610052992
13631499523
13710830410
18802001090
18802001090
18802001090
18802001090
18802001090
18802001090
18802001090
13802408166
15815858038
13539403232
13710765064
13825115123
15812402338
15019569687
13622268608
13640808125
13725112831
13826097377
13823510783
13640900213
13823503538
13603098960
13662650018
13418523167
13480852989
13723457417
13927488315
13714231410
13510710912
18038037111
13691881070
15889708739
13711170611
15899871225
13802437157
13756780207
13538019875
13898369521
13846443089
13530909601
18903029629
13418627193
13418627193
15814493730
13632502369
13632753028
13828870041
13682345223
13600184698
13622375247
13691848775
13612979013
13570862885
13554847422
13824357783
13631537516
13823659401
13823161393
18938093822
13530083078
13691929954
18938093811
15019487169
13641459056
13600142645
13923423663
13927444333
13686476229
13728874526
13590124669
13543253121
13430637279
13632672606
13823586233
13603044163
13728689508
13603008300
13823265906
13538262026
15818589398
13828711636
13510331890
13828850889
13823506856
13510331815
13500053715
13510331343
13510869779
13510331792
13510331779
13510857085
13828818912
13510331663
13510331872
13510331406
13828702106
13510331830
13502874652
13632716385
13723441801
13622369628
13418561767
13418561767
13418561767
13418561767
13418561767
13544007627
13602667073
13600186685
13798486297
13602576647
13510284374
13528864886
13798322857
13713982421
15813748082
13670019563
13652388335
13631527991
13652354050
13632798382
13530055030
13534294126
13510702155
13554949057
13534052060
13652379868
13828887053
13316919438
13824387818
13715054702
13528773185
13500054520
13602556569
13500054755
13823136081
13828867351
13510203684
13510203684
18938840189
15989874528
13828825289
18925259158
13823266578
13923804906
13923432031
13923495236
13923495236
13923495236
13923495236
13923495236
13923495236
13410498025
13632635090
13632682773
13427922094
13826523637
13510834950
13823261298
13500055781
13500055456
13809882387
13923716256
13500055506
13500053893
13500059131
13500052389
13500056786
13500052620
15013821490
15012680202
15012680213
13530181712
18818686078
13809233282
13926932363
13531203311
13502972031
15018801798
13729226196
13802714515
13902729440
13902729440
13929686152
13531188176
13531288637
13502754255
15113125029
13546826619
13536865834
18023250512
18023250593
18023250500
18023250533
13502750976
13421899099
13829623238
13682923599
13502734077
13692038737
13546808668
13531292486
13433370463
13928656464
13929962316
13929915335
13929981225
18038863828
18038862776
18038860023
18038863620
18038866155
18038861011
18038860816
18038860886
18038872311
18038872377
18038831199
18038831100
18038831288
13929997665
13138213263
18029231612
13620114913
18029232392
18038862933
18038862933
18038862933
18138311666
18138310002
18138311311
18138310668
18928505683
18022253103
13392215996
18022210735
13500265188
13679821198
13535738201
13553344598
13927773788
13927701442
18029290860
13709659148
13923196286
13928657392
13928657398
13923196171
13923205370
18902818833
13211146196
13702925551
13925991092
18902818833
18902818833
13621483535
13928694650
13670612581
13360312150
18927252402
18988660135
18988660138
18028133662
18028133528
15019650333
13425833055
13928666513
13695151123
13827762082
13825514202
13728580600
13535742040
13703073290
18928555268
18927288116
18927243632
13687427775
13702756196
13924859633
13924536403
13590523165
13702630436
13600323405
13703020068
13825566738
13902560999
18925930069
13923234118
13825521969
13923278153
13923230775
13902562793
13923239288
13715431904
18824893686
13590586820
13923222263
13928248082
13006718576
18927708993
18924856148‬
‭18923215078
18902345288
13927804625
13553621262
13927802797
13827909819
13826338871
13727502222
15876231676
13509273730
15019385178
13690996806
13829313820
13435390366
13539113709
13750209606
13750231683
13553237198
18312375766
13794728899
18927007881
13553287229
13536797376
15819263399
13829390925
13827808197
13923689769
13751981171
13643083661
13751961126
13825952639
13923039429
13430117996
13430117996
13549128002
13549113231
13719986188
13450708126
13751998822
13549101425
13823832936
13549103881
15986468883
13430117996
13826602389
13536717167
13826621493
13502353112
13690879712
13826624862
13421022965
18707530297
13539196088
13690881161
13536717156
13826603866
13826619982
13536719981
13826639691
13536713569
13539161280
18211547696
13824594043
13802363498
13543229489
13802470787
18998109021
13531636869
13556298080
13680887770
‭13794582308
13927309696
13553427565
13652797952
13556254636
13542741019
13692809923
13553427565
15916377333
13480503565
18129589535
13692747557
15919391120
13622999506
13610414566
13719687939
13500185666
15907529998
13928386113
13802865885
13923637877
13794527078
13929398088
13543129369
13692999193
13650617466
13437525190
13729543066
13809762693
13543137478
18934186808
18998524569
18998524569
13539531002
15876765689
13922548863
13922511136
13686036088
13929272015
13433625053
13712398787
13728128163
13532352011
13728128163
13650263825
15876406663
13728191339
13602382756
13556685684
18928276685
13652528862
18938203821
13802378989
18938203831
13922908323
13712006433
13712234173
13712156191
13580793659
13723558978
13717430930
13662899188
13712152686
13537000585
13686666688
13713125969
13711880770
15916997220
13688983938
13580814160
13725773303
13602338383
13652666135
13423029180
15920690969
13556642628
13532408690
13537054188
15015407790
18922509666
13713399663
15992721853
13622670297
13712500177
13609678509
13729992402
13751783608
13725715730
13509819291
13798885665
13726479883
13650056220
13713338855
13825779201
13622848738
13360478378
13660060302
13650118616
13509836803
13728196226
13537038933
13725761044
13532532117
13686236602
13537367671
13827219612
13592795625
13713136586
13532558201
13725715411
15920236601
15916780189
13538373670
13729993478
13538373670
15817786010
13559771291
13532843460
13650308928
13543712345
13728158866
13712832100
13652542672
13728158866
13549470439
13926812586
13929470530
13622697258
13712111315
13728221578
13711983072
13925730929
13612700828
13790569706
13686652669
13712393594
13549254384
13423166231
13686093898
13712296876
13509221011
13713226897
18027663137
15818450909
13728182860
13726480017
13428635361
13723513179
13713028860
13620047117
13532388166
13412687473
13925885523
13412687473
13902619216
13538696985
15899653349
13712262020
13712301201
13580961149
13602339727
13602339727
13602339727
13602339727
13609697681
13922942280
13751331570
13686622977
13580968006
13450024638
13622695981
15015383706
13652458012
13723555101
15024022527
13480089611
13926899039
13612695568
13509806528
13829226191
13544847508
13686292923
13728285023
13532330690
13580955170
13580955170
13537110099
13713119818
13827296576
13580955170
13713260006
13527976686
13902605935
13612689988
13650394041
13809611809
13713309203
13713130836
13922524888
13713112996
13600279625
13431343583
13423179140
13556712188
13556712298
13926853997
15876960801
13829266396
13532488939
13642820883
13650308195
13724413834
13724413834
13724413834
15913417708
13085850135
13560686936
18825028883
13822738469
13802651680
13702462240
13822796618
13925378399
13823916028
13822702399
13822723300
13590765665
15976055890
13726048499
13924990057
18680191919
13702353991
13702353991
18925318326
18022158225
18028306101
18923311666
13702500077
13726092613
13528161696
13590725648
13425461127
13527112900
18988583330
18988583330
18988583330
18666160088
13702536708
13702521291
15362923275
13823917608
13702461516
13590700446
13822323163
13794245076
13824049468
13824055410
13380968961
18933197464
13302556120
13822399311
18138000163
13828020649
13544988205
13555609808
18922020648
18929031820
13422674690
15913612390
18138966101
13680488242
13302558898
13827016118
13322893435
13672827798
13555619281
13902554958
13555619281
18929082999
13702243301
13612259779
13664911552
13555687447
13828080868
15819765359
13380983325
13380983322
13380983322
13536183123
13929036279
18823083616
18933183778
13326806450
18823081238
13664949955
13672841352
13760539972
13536228970
13827087199
07505559722
07505552006
07505552006
07505559812
13929068166
13680414218
13680414218
18029618386
13556901930
13702201130
13652741393
13702207532
13828082688
13672944468
13555663233
13536064664
13922009681
15099829553
13432559260
13035892000
13926353939
15813098399
13926390052
15018157015
13824959330
13926362225
13702802001
13827632266
13642438866
13824994998
13719861302
18819888533
13336582299
18933860190
18023885476
13653072356
18719290998
13542653951
13542653951
18933105968
18933102223
13692379975
18933799101
13531132908
13590092582
13828291601
13828251848
13692353248
13828284136
13724731378
13543566022
13543596678
13692463222
18022615996
13553468311
13553468311
13553468311
13553468311
13553468311
13553468311
13553468311
13553468311
13553468311
13553468311
13553468311
13553468311
13670999198
13692414522
13702874733
15976812638
13726901508
13726901508
13902502219
13902502650
13902502219
13902502219
13902502219
13600382056
13543544534
13922088081
13729063887
18927688088
13600387669
13600387372
13922081028
13822510165
13692390362
13434662906
13828202976
13531052566
13729063869
13729063869
13729063869
13729063869
13922088081
13828683808
13709623928
13423503677
13727766077
13432995003
18122569227
18125038908
13927595371
13828611875
13927595371
13927595371
13927595371
13828611875
13828611875
13828611875
13828611875
13828611875
13828611875
13828611875
13828611875
13828611875
13828611875
13828611875
13927595371
18666818318
18666818117
13926711387
13542364439
13423570118
15119604249
13543371907
13432314784
13543371907
13543371907
15976571518
13432940172
13822662233
13602952514
13822606807
13602988979
13822602278
18023603673
13929801083
13929800832
13929806906
13929806173
13536970067
13760016299
13929835698
13509268918
13926641810
13750188369
13922601338
13926662929
13927620905
15113710748
13824941635
18998983006
13727131813
13750171900
13926638877
15813249899
15917512573
15915184989
13553756789
13727973109
13623080357
13421081323
15919516501
13426914280
13531976777
13828105513
13828100808
18128338258
18316738067
13822913688
18128338281
13927066638
13543946788
13682816877
13729426797
13542217191
13076547656
13580222341
13539253999
15992587871
13543966999
13542221496
13360788618
13822938435
15992519266
13822930204
13501446468
13670590506
13729393753
13434980511
18318355412
13695122319
13695122319
13695122319
13695122319
13695122319
13828157893
13922676638
13828167876
13434975332
18922681037
15014481887
15014481887
15016564280
15014482002
13542438285
13672532118
13729795176
13927105707
13729744879
13631055033
13910876829
13681293345
13660762720