13737695801
13877686112
13873329730
18122317936
18602016608
13925114058
13710669652
13527897668
13826197116
13622231875
13710310948
18026368523
13610029678
13535568923
13926274080
13926274080
13922394933
13710538834
13392123653
13392123660
13302307076
18926138258
13902216646
15815836169
13826424336
13650881174
13710386830
13600478449
13922329825
13148989068
13427639218
18520088041
18520088408
18520088408
18520088416
18520088428
18520088376
13632102518
15818123181
13710796868
13710796868
15800004048
13622843691
13416211559
13502414318
15013182708
13826193548
13928840811
13527779559
15302231569
13926273165
13926273165
13539718736
13416226064
13544526431
13711746675
13710459319
13719046429
13678943489
13533178679
13642660189
15920339079
13535026692
13503032218
18922103129
18922102710
18998321622
18928916680
18928916672
18928916675
18928916673
13922106955
13688859710
18928916660
13676250958
13682266228
13602701513
13794405142
13719169055
13802406519
13535120719
13798186536
13660687601
13622283015
13710129187
13660431255
13620412135
13711196270
18027289576
18127830913
13432027420
13725280832
13560122524
13538823345
13711088871
13392617078
13570218559
13611470882
13922188509
13535165524
13660471060
13719326887
13533649864
13502418787
13119580041
13725172734
13928832672
13922743626
13078873130
13570380840
13640298070
13660857011
18928868143
18928868102
13622265041
13660106850
13660742728
13710723319
13503029109
13622245128
13580482363
13676227918
13760476232
13925237364
13823554392
13713855764
13714304345
13713875035
13410084909
15815567071
13603030229
13590396326
13682631309
15815513317
13590422902
13751171489
13530005211
13602621956
13720290950
13632708989
13544066355
13927415981
13928408506
18688798125
13715363609
13691820035
15989402643
15914074648
13480693669
15012477983
13823502292
13725510778
13530478481
13692290545
13510267487
13410673093
13715389815
13537791835
13689508232
13600422392
13570842533
13510179349
13928412008
18002575234
18118789136
18002575229
13510722176
13312975201
18126081177
18902317586
13423990469
18098950101
13631590459
18902317705
13713866055
18126080218
18126081627
13823272509
18902317656
13823272509
18902317590
18126080787
18126081278
13600186160
13823510702
13902449246
13823772035
13620915881
13823510795
13823505336
13713600008
13632852185
13828819267
13923746892
13570851922
13510452648
13724282187
13510656456
13510656456
15914070892
13714110540
13570851922
13682608818
15986625181
13528710262
13528710262
13528710262
13528710262
13528710262
13528710262
13613028977
13528710262
13613028977
13528710262
13528710262
13613028977
13528710262
13528710262
13613028977
13528710262
13528710262
13613028977
13528710262
13528710262
13613028977
13528710262
13613028977
13613028977
13613028977
13613028977
13714493661
13510546718
13714028577
13715366138
13632562351
13828789575
13828894721
13510182831
15816860776
13823302232
13808851727
18033073773
13530235839
13500053132
13510331308
13560791252
13823535516
13823380032
13925231229
13902973450
13828700065
13500053020
13823565562
13510357912
13510331839
13828700810
13510331863
13510331860
13823343703
13923885115
13510366886
13688808839
13510000850
13688808768
13688806891
13688805785
15815551937
15807553859
13714596581
13927453970
13715322666
13924616632
13699883646
18923766111
13008875815
13922855189
13923450022
13662664696
13714056501
13434434348
13715229921
13534162088
13537844231
13713996934
13544281296
13430708806
13714493661
13760301975
13613085940
13824394628
13537632091
13480844798
15875581806
13714896817
13590496339
13603078628
13603029034
13728787091
13823193362
13922844744
13410894292
13923482713
13510188302
15989326096
13798499690
15013834351
13682344810
13632816900
13424180807
13530436545
13509694900
13826508885
15994819131
13418901686
13688801909
13688801757
13923868425
13688801548
13688801590
13925287294
13688801592
13600441080
13923858227
13823755346
13925299335
13602622687
13510203684
13688815028
18936073696
13925218565
13688802560
13554701653
13926562724
13652402778
15811836902
13411491969
15989772141
18928090067
15916300432
13543045156
13533388918
13580106420
13425031346
13926933896
18926926216
18023013869
18926926212
13928099789
13527292755
13823026111
13926948093
13823036038
15916208722
18926928006
13326630268
18926926770
13923375343
18926926718
18088821335
13392985212
15992696995
18926926509
13425010123
15989781723
15811695301
13427778743
15992641244
18688187755
18023003933
13425083311
18666963342
13726272902
15015941080
15626983988
13702767208
13926936862
13702320550
13326660980
15820575168
13750008612
13112335658
13727086898
13612228089
13702945405
13652248288
15989773422
13926930006
13926930006
13750031386
13750031386
13926932365
18575622851
13726261246
13631260237
13750078975
13926928285
13823002968
15812748763
13680347571
13829526111
13929624318
13546880291
13715985239
13536922892
13536918199
13692022535
13692022535
13692022535
13692022535
13692022535
13692022535
13692022535
13692022535
13809676540
13676125002
15815010009
13682957482
13682909156
13556375552
13825832692
13825833363
13682901950
13676129449
13556310808
13729258200
13715930028
13825819066
13670428735
13556306047
15918931803
13829594022
13360822678
13623069388
15913961938
13829665818
13622583705
13546817880
13829660860
13682959469
13556375508
13421899099
13502933364
13750402600
13715927218
13929688132
18924776366
18675666679
15994934046
13623050946
18923678751
13539303261
13690238133
13827773681
13702488382
18038861107
18038865136
18038863126
18038861378
18038860198
18038862055
18038863082
18038861196
13679797800
13413241955
13902852556
13928540609
13302892529
13318303062
13726699279
18927237768
13928660390
13679880639
13500264402
13709666992
13516503747
13425927176
13802464514
13923153954
13535861136
13620887229
13928654816
18928687001
18928687150
18928687150
18928687150
18928687150
18928687150
18928687150
18928687150
18928687001
18923112989
13809708283
13927727029
13928630512
13703079227
13809223226
13380203448
13710592898
13380203172
15813991289
13702750021
13924532075
13302565683
13925967833
13434866733
13612476119
13679705732
18144703698
13531381777
13690758962
13928274832
13528992368
13790085316
13674081095
13450534478
13690761602
13825558877
18924833171
18924833173
18138359161
18138359589
13380835735
13924806288
13702639983
13928288319
13690660464
13923265993
13790033546
13923260456
13928256991
13670929939
13509958111
13928268098
15989967593
13450872353
13727387385
13612470694
13929186622
13790079890
15920738875
13612602501
13809216350
13790071274
13531431975
13690776228
13825589238
13923110628
13702345692
18138358267
18922179917
13924560100
13927830328
15812977225
13640189852
13192891126
18927877582
13076230636
13642561502
15914883123
13435114575
13509057066
13719741215
18933728748
13318578899
15627899196
13602908017
13826372050
13927889366
13826370033
13539112977
13553223256
13435500803
13536770515
13553288224
18902639857
13332768186
13825303355
13560161743
13560161743
13560161743
13560161743
13829363613
15819271198
15986023699
13750295512
13435359038
13827876789
13502324223
13435304586
13653098956
18122523611
13827802618
18607624015
13827874530
13827800186
13502318622
13725664567
13690965400
13829302766
13794733083
15019391529
13829389601
18818330879
13902630389
13553296862
13827873215
13829348319
13825323421
13825323421
13827873059
13827873059
15218028155
15218028155
13829349652
13829349323
13549198878
15016259678
13539186169
13723674323
13670859165
13690871745
15113497606
13923029810
13727615159
13825998663
13825993639
13719995209
13750509918
13825977702
13750503823
15218109139
15119339886
13411291691
13723694263
13727628638
13823866186
13823891832
13560999512
13751962626
13431821505
13823809900
13823823851
13642503728
18923039229
18923039229
15219702161
13823896322
18718121808
13823828086
15812907660
13622955067
13421020077
13751993821
18038581196
13823861331
13823828260
13823830858
13536736605
13560972954
18218389424
13723662826
15119352661
13549196798
13543214242
13670877799
15916521258
13727613098
13536705668
13690887166
13560995832
13536716808
13543244928
18928367773
18928367798
18029983503
18928367685
13680789963
13531702616
13413137966
13829912081
13927300628
15118942263
13556252999
13927312113
13829989048
15919386714
13924735583
15815402606
13528049749
13542739467
13631944016
15119085325
13692896250
13692896250
13692896250
13692896250
13692896250
13692896250
13902620661
13377521533
13927300661
13824285820
13413009557
13531720618
15819864782
13719633464
15812598167
13825429555
13532123634
13680772339
13531632597
13531632597
15816361310
13927910005
13322681303
18923592430
13828990098
13719574378
13692985496
18928276620
13549292312
13532852804
13763284853
13686266688
13642998958
13509222990
13650032092
13688922777
13713126083
13532540950
13724413834
13724413834
13724413834
13669842118
18680068219
15876428543
13925730929
13532425280
13650332787
13712157234
13525723300
13712556600
13763114689
13662739056
13580736619
13622646987
13580703446
15999762000
13794995540
15820834842
13686240339
15817789283
15820818188
13412205183
13712290065
13712661281
13790488064
13794872762
15913848603
13549253050
13712680035
13431102884
13332616188
13316639932
15015186840
13713360636
13829260737
13922943221
13827284878
13790300213
13925810353
13620010901
13553877038
13537181728
13686187955
13527930009
13662999117
13662788455
13686654388
13650092106
15992912468
13790170202
13712357813
15015373222
13928677808
13669810610
13580882823
13537155588
13662929292
13712540410
13929238910
13929238910
13929238910
13929238910
13715625250
13715551228
13715551228
13715551228
13715551228
13715551228
13715551228
13715551228
13715551228
13715551228
13715551228
13715551228
18028306803
18028306851
18680191919
15876078523
15800109599
15819956974
13702509368
79#009**00*
13427099264
13600344521
18928132987
13702276351
13928150563
13560686757
13531819961
13528127929
15819951110
13715577042
18218950307
13590776935
18948868187
13528189975
13380881889
13420399713
13726136269
13610487855
13416046864
13715641831
13543846883
13527100166
13189243862
18925374626
13424597423
13928178666
13622707097
13925393166
15016192758
13790733068
18925353833
13415395128
13824778387
13823936138
13823935600
13427011328
13923356366
13902556960
13827023223
13794270823
13828060073
13652707680
13250022338
13924684567
13536216000
13702273938
13828030146
13672809247
13923071005
18929031268
13426776112
13702273662
13676167128
13536177093
13652718405
13536025571
13672880028
15976492828
13672841352
13924680311
13380987608
13630477438
13500232020
18029618316
13005850638
13536173889
13427239915
13356561860
13702672077
13680642188
13035870988
13421288602
13926353939
18826714833
18926358398
13794777436
15819144441
18718765488
18718855062
13411320682
13829877883
18813206088
15875143061
15218180808
13680568928
13719853783
18802523858
13542677894
13421244351
13664965808
13680626868
13411310557
13692313320
13531111649
18688597008
18826687299
13542023342
15913562434
13822507170
13553482524
15602506761
13360103127
13553482808
18802575256
17728986899
18125006223
15986212303
18718630751
17728986985
13580008197
13580008197
13580008197
13580008197
13927595371
13927595371
13580008197
13580008197
13580008197
13580008197
13580008197
13580008197
13580008197
13580008197
13580008197
13580008197
13580008197
13580008197
13580008197
18926728538
15915282869
15915282869
15915282869
15915282869
13828614090
13580016680
13702660007
13580003966
13929740701
13702663660
13929734097
13542370820
18926728079
13828666252
18926728325
18929712589
13542318952
13927530770
13828692341
13929726139
15818938128
13927539700
15218305747
13727800942
18938380302
18938380671
18938380328
18938380598
13360283833
15016607077
13534873807
15627511916
18029843926
13527084470
13652942818
13527076060
13827519822
18929838710
13929893700
13760030612
13929809727
13660955292
13827563931
13929829926
13556524202
13536992818
13822673190
13760055998
13822672613
13822680163
13929832706
13560926722
13413803496
13760042548
13822687657
13929832603
18998615529
13927613103
13926628633
13539525076
13553904865
18998982980
13380707322
13750177199
15816209057
13828566522
15992066257
13750122088
15975846645
15113717619
13539515761
13927648786
13926628633
13926628633
13926628633
13679546055
13413460961
18820505411
13416570230
13539521086
13288775061
13288775057
13288767032
13288775022
13288775090
13288767063
13288767051
13623086669
13553712938
13539361262
13670765042
13923501282
15087962112
13539359309
13690056236
13534682276
13690095588
13623056236
13828390318
15876871768
13828302133
13622552318
13690033339
13539361335
13715776236
13690001778
15919508152
13727923489
13501439606
13822026568
13802316995
13501439606
15813530125
13417619189
13501439606
13501439606
*9#88887788
13927011556
15889143879
13580211551
13413904493
15975105959
18925682938
13543952511
13729401690
18822942288
13925641899
13380589180
18925606298
18925686123
18998265333
13543913320
13760590864
13822079177
13060553482
15766898929
13509036282
15099834206
18122636300
18122636691
18128338232
13927070777
18318073989
13902753678
13729362486
13501445637
13542233788
13822927799
13729402146
13822928866
13822918507
18122653181
18122653195
13729449928
13620279558
15914947639
15813569333
13695125597
13430053592
13927023272
13500169386
13417683016
13502696178
13670583322
13687495538
13580211126
15018284798
13542225591
13828152339
13760566589
13434916112
13828133886
13580179098
15813511500
13580179098
15889105608
13413914982
13534532821
13922670795
13542403059
13826791360
13826832727
13537922262
13729720749
13927159876
13672544332
13826833012
13537946197
13826803877
13927121995
13318917328
13642278640
18023755898
13480355475
13537919403
13542411101
18929562177
13536741856
13823894118