18373780695
18995000591
13469684769
13369508366
13995286889
18122317970
18680272884
13926274080
13926274080
13926274080
13826184442
13826184442
13826184442
13826184442
13826184442
13826184442
13826184442
13826184442
13826184442
13826184442
13826184442
13640297299
13560300430
13560162970
13527779548
15018709501
13392696110
13392696363
13392696080
13392634289
13535638198
13928892488
13189097885
13725205908
13431030128
13660312058
13580598453
13424035820
13556186863
13824490569
15102041584
13435643208
18520088407
18520088965
18520088683
18520088027
18520088027
18520088027
18520088729
18520088437
18520088815
18520088273
15102078758
15018789870
13922425815
13560177983
15302231569
13650823131
18802082068
13422045712
15013092637
13711696928
13642321394
18928916482
18664799421
13660189099
13660548331
13533038846
13543461645
13631482153
13316295287
13316295444
13316295261
13428845547
18928859700
13416214843
13751814560
18902337223
13642690321
18903066496
13902380716
13824472255
15918746331
13760704539
13660825160
13802420654
13678953020
18011899720
18011899618
17701982003
18011899678
13527709389
13427588212
13535250022
15802020297
13924229769
13922328308
13710085768
13924079120
13527851311
18925194882
18925194882
18925194882
13527842606
13922347938
15917497230
13580341802
13660778887
18102812865
18102812865
18102812865
18102812865
18102812865
18126832032
18126832062
18126832093
18127882788
18122381338
18122381338
18122381338
18122381338
18122381338
13660510033
18988837033
18588882677
13533194419
13668941264
13660526906
13316054122
13889900110
13503049981
15915813021
13570978340
13802953235
13538924591
13825049698
13922181058
13710484899
13660155238
13650969735
13662337500
13822228877
13719211822
15918625992
13018556418
13763396916
13539963611
13640333609
13711720952
15975606122
13711056300
13710456371
13711329238
13719394298
13724806298
15218811108
13660171337
13660171337
15876513598
15876513598
18126081825
13533384078
15766827787
18813989030
13512784151
13632461469
15914371640
13530178132
13713894339
13410582152
13632803505
13714572833
13691694919
17875427655
13802405248
15018735105
13826251103
13603035142
15914192150
13714880184
13425108401
13828830435
13826509970
18922839168
13510250511
13410187579
13691827123
18923807238
13670192347
13692125128
13509650806
13612993523
13725501834
13590494993
13682499729
13713931260
13590372211
13590351093
13500052430
13662664628
13510277688
13682549268
13530163049
13530163049
13543328389
13798537716
13632556781
13728609427
15817288660
15018512536
13828700201
13714023721
13509621642
15986618989
13823160218
13823355841
13923739713
18898760803
13823706339
13691700550
13923409080
13923859897
13602545856
13602546026
13602545199
13923401881
13825278616
13603009972
13534165595
13760198108
18925257568
18925259158
13823508569
13828808393
13823266578
13808834954
13823500848
13923432031
13828825289
13926559960
13600148017
15986662712
13554807987
15986662702
13826500171
13632814029
13480856933
15018527070
15986689105
13480909882
13825264866
13823583523
15712003567
13798204657
13723725706
13613.76889
15889367819
13423954104
13723737710
13509698460
13662264153
13510330723
13632735229
15818765317
13510955459
13682687864
13428935825
13682325001
13600169290
13923881942
13828834211
13713948618
13422880007
13602565300
15017926830
13794468508
13480837950
13686469852
13760347908
13510518945
13713839390
13534097999
13923796138
15013809309
13924593488
13823230010
13510332310
13530891103
13501586512
13510873515
13530099229
13500054685
13560720783
13682542673
13715284830
13826534131
13430702266
13823261298
13686882993
13500053830
13500059185
13500052583
13500055502
13500055783
13500053358
13500053582
13500053665
13500052763
13600189407
13502820080
13500050548
13688808945
13688802559
13728749772
13688802540
13688809281
13688802570
13751169572
18818656078
13936498391
15916300432
13926930006
13926930006
13928016738
13928016738
13553379456
13827750682
13929966177
13929909598
13318351968
13902856113
13702565569
13679743672
13726355004
13420738980
15338434406
13928532230
18927291838
15915233344
13380201381
13380203426
13318217892
15363406316
13924536403
13923293351
18928609996
18824849304
13824510371
18927241184
18928545425
13435080129
13531482658
13553637392
13622450722
13827932629
13827991840
15207513536
18218529638
13531486522
13927858138
13450321798
13531460959
13435007998
13927899758
13927899758
13927899758
13509868876
13509865939
13380731827
13380736618
13326539903
13380726615
13680099823
13112018806
13680062567
13826365203
13435104889
13553266810
15811603567
15976720699
18318365638
13827869718
13690995520
13825302933
13827823383
13827823792
13435531319
13750296575
13536771952
13435514400
13553273089
15707623388
13435310623
13360982680
13690952223
13553203765
13827892100
18948145179
13690956116
18927030310
18927031011
13794749925
13536751307
15016218367
13536736602
13719961602
13421010805
13723675232
15017805562
18218780360
13825961208
13690891885
13825977088
13825997198
13727609843
13823868070
13539192055
13924476181
13823893712
13560969597
13723657148
14718170256
13823823257
13723658715
13427545390
13640399553
18219045908
18088855698
18023589851
18507528132
18507528132
18507528132
18507528132
18507528132
18507528132
18507528132
18507528132
18507528132
18507528132
18507528132
18507528132
15018654508
13829996223
13502207110
13794561018
13631969839
13680842814
13719662348
13516681546
13669572093
15811980275
13360947296
13927916642
13692998600
13536477933
13437514911
13692968018
13432768341
13751944801
13543160356
13729590510
18928273980
18928276720
18928276695
18566108912
13825736286
13532361882
13537365954
13751233298
13712255766
15019971195
13580839808
13790364390
13602327976
13509231745
13532723737
13929465658
15916716378
13728210048
13612733998
13580869638
13322600441
13650298713
15816819060
13560831643
13642919572
13560831643
13560831643
13560831643
13612718162
15017067383
13928196168
13424512152
13726032189
13640462028
13928153086
15813100400
18022119480
15017306932
18928116592
13794158737
13590733243
13809876766
15018014165
13590794467
13924959603
13923352610
13590794467
13590794467
13590794467
13590794467
13420078916
13420078916
13420078916
13420078916
13420078916
13420078916
13590836021
13232580821
13726074163
15889892722
15889892722
15889892722
15889892722
15889892722
13424546392
15019880282
13822320780
13392083233
13664917951
13926365177
13542613418
13725632922
13664975788
13719862628
18926334222
13380861778
13680652668
13542646921
18802523833
13078309920
13719872222
13725618928
18900839079
18900839098
18211270222
13729169808
13286981088
13692492613
13724790755
13692317677
13543596252
13434674370
13922082960
13702663660
13423570118
13790920097
18926728251
15119693830
13542315567
13580077794
13828673121
13929727192
13926711113
13828691567
13727770759
13828682829
13380802996
13380802933
15917126362
13380802937
13380809323
13380802908
13822606031
13602980569
13727239937
18023639863
13534953778
13727259963
13827576603
18922623436
13527030811
13527050993
13631068220
13750166093
13509269201
13553950114
15915148187
13729637450
13679507897
13432700987
13926663282
18926604916
13431968229
13690055360
13623098543
15992559251
15917983999
13502512933
13005275283
13531906731
18925686868
13580188636
13822900419
13927058969
17722256141
13927032236
13822963003
15917971888
13828187300
13543954281
13826833012
13417972328
13826789757
18938498901
13922663238
13826862923